14.714120, 121.057950 36
14.710566, 121.060929 37
14.707190, 121.063749 38
14.706402, 121.066826 39
14.706389, 121.069500 40
14.704322, 121.069081 41
14.705253, 121.073879 42
14.704991, 121.079620 43

ROAD NETWORK

nova side
14.730015, 121.044130 0
14.730632, 121.045024 1
14.730833, 121.045695 2
14.730961, 121.046535 3

14.731061, 121.047349 4
14.727498, 121.047262 5 
14.725184, 121.048688 6
14.722794, 121.050767 7 
14.721188, 121.052082 8
	14.720111, 121.050905 9
14.718933, 121.053963 10
14.717317, 121.055336 11
14.714841, 121.057350 12

quirino left side
14.731665, 121.048781 13
14.732699, 121.050225 14
14.733473, 121.052238 15
14.734364, 121.054848 16
	14.734431, 121.055191 17
	14.734208, 121.055633 18
14.733092, 121.055585 19
14.733092, 121.055585 20
14.730899, 121.055441 21
14.730044, 121.055632 22
14.728727, 121.056540 23
14.727801, 121.057192 24
14.726835, 121.057918 25

quirino right side
14.735429, 121.061212 26
14.735324, 121.059013 27
14.735218, 121.057670 28
14.734728, 121.056035 29
14.734419, 121.055667 30

mindanao ave
14.729759, 121.061120 31 
14.725753, 121.056824 32
14.724494, 121.055429 33
14.723161, 121.053991 34
14.721508, 121.052201 35

after roadnet
14.704686, 121.081822 44 
14.704716, 121.081971 45
14.704570, 121.082544
14.704451, 121.082963
14.704168, 121.083616
14.703884, 121.084065
14.703663, 121.084360 50









